461 298 29 89
879 666 780 4
963 490 54 26
278 411 147 93
637 615 300 47
539 31 521 18
817 807 875 21
212 456 694 4
642 323 337 61
910 772 389 53
740 599 333 9
652 109 418 86
37 819 695 6
356 874 804 27
399 587 234 56
418 763 994 88
863 790 81 49
320 511 379 6
186 924 138 88
819 802 321 64
95 439 404 73
893 541 172 49
934 82 388 56
216 595 718 20
835 323 21 34
213 732 845 23
289 870 778 5
169 601 718 38
221 156 643 56
939 903 804 0
665 608 252 46
450 217 827 20
964 474 46 39
473 456 306 44
423 60 891 9
517 522 517 59
831 376 61 21
613 826 561 99
927 307 704 7
605 836 236 0
93 537 746 17
948 919 650 36
114 431 372 8
364 730 530 10
142 862 218 39
464 6 519 78
889 973 430 70
363 354 791 94
643 763 365 88
266 943 802 7
239 481 227 24
869 565 440 35
71 23 51 9
533 886 623 12
823 770 563 39
368 950 61 73
559 134 438 22
603 85 830 42
287 146 315 46
892 134 960 94
81 135 547 45
126 342 189 6
465 440 274 43
439 16 670 29
124 686 407 35
597 166 821 90
600 84 789 35
511 215 304 98
582 243 564 55
832 615 812 49
15 952 756 80
44 88 686 63
12 32 110 69
275 381 296 28
260 353 43 92
598 725 272 60
432 351 911 29
120 656 566 23
921 304 86 88
353 195 20 86
536 233 499 61
301 52 397 47
115 738 717 71
414 57 277 7
231 586 940 63
417 41 717 83
814 784 267 55
967 395 787 90
184 859 956 54
923 914 72 63
677 422 313 26
106 552 751 89
132 658 678 54
889 780 387 1
891 558 853 12
842 120 906 35
331 765 936 12
325 533 447 38
462 718 805 46
62 948 271 2
315 857 272 1
2 440 673 13
506 45 326 78
343 179 614 44
922 213 888 16
212 63 794 66
400 176 126 91
142 254 7 21
125 300 207 11
594 188 511 67
75 23 33 83
823 454 72 23
912 760 460 71
530 836 549 62
479 106 986 99
316 291 600 91
512 531 682 10
282 562 376 71
930 208 21 20
35 795 335 26
665 74 302 84
887 664 694 23
708 185 125 79
128 432 793 38
54 93 697 73
785 322 9 56
684 391 215 15
393 484 991 75
779 628 206 54
769 931 77 42
550 845 645 28
231 355 705 54
778 483 675 45
436 10 519 19
735 778 662 78
782 588 73 89
31 654 690 18
927 836 335 30
135 592 449 37
458 724 35 59
927 551 204 9
107 537 61 37
927 362 700 80
804 551 503 48
699 307 426 64
89 441 732 26
506 160 741 9
642 432 440 50
690 993 978 45
17 997 460 31
748 182 748 50
136 373 207 78
258 511 351 6
277 958 385 15
510 67 444 17
908 107 506 6
856 101 380 38
7 446 514 50
824 522 245 92
316 348 783 92
944 78 375 74
462 895 594 45
945 567 781 30
915 485 470 24
175 154 863 50
308 699 506 69
338 407 643 36
563 484 459 9
858 945 918 66
146 239 395 80
678 895 765 39
200 53 10 65
51 756 133 41
747 20 691 7
84 783 860 12
494 980 32 62
838 625 116 60
250 460 465 63
412 890 529 64
135 207 655 72
843 606 190 45
632 686 935 17
411 684 17 73
608 670 670 26
635 893 515 35
897 141 186 12
382 255 760 44
415 512 794 60
668 455 683 26
769 775 685 92
619 153 603 45
11 747 972 48
710 316 534 82
70 131 907 87
382 183 703 51
738 839 215 64
733 559 788 80
352 733 248 81
562 937 938 98
877 920 361 5
471 365 771 77
647 503 894 36
138 103 404 10
854 108 777 24
578 539 368 99
737 897 989 40
955 863 521 1
895 174 179 67
335 723 713 97
268 282 943 18
758 922 277 1
646 155 869 40
878 256 639 76
762 355 759 96
369 878 599 34
804 916 350 51
575 419 959 65
353 855 796 85
885 151 35 86
86 716 455 44
131 490 570 4
993 442 976 19
334 36 817 21
637 939 431 98
139 780 1 89
446 350 516 92
737 741 816 52
879 216 869 38
554 916 813 26
296 348 403 98
27 617 751 65
45 574 770 10
963 638 247 38
653 921 627 31
910 657 758 19
311 648 875 72
868 462 873 48
111 183 4 32
431 824 531 61
211 543 406 89
147 492 33 91
599 538 724 43
940 297 336 75
372 710 343 20
881 844 774 8
958 733 685 51
661 287 297 55
436 365 425 64
241 405 77 37
603 19 583 20
382 62 993 88
220 39 991 0
820 723 91 61
412 379 935 23
811 608 127 43
613 582 122 15
42 974 391 4
383 651 665 6
784 570 322 73
168 975 292 26
619 650 155 24
622 518 403 8
740 920 721 77
397 538 165 9
288 852 142 88
676 648 273 79
98 508 396 88
383 492 188 39
848 794 183 22
221 700 804 11
416 153 495 50
963 730 926 54
698 712 846 35
914 867 683 75
247 605 792 60
38 940 397 26
52 309 361 20
346 986 623 65
424 829 941 8
374 398 596 67
671 258 277 46
213 746 332 31
392 905 923 36
251 354 989 30
407 849 208 39
78 84 804 41
849 851 161 68
2 995 172 25
742 395 487 4
842 590 322 4
332 952 275 2
668 697 446 56
147 813 190 75
962 763 44 59
785 916 999 40
902 554 445 89
944 560 630 52
270 890 983 34
901 380 219 58
571 603 609 17
879 683 968 25
821 721 199 43
687 320 662 10
511 440 352 45
924 712 274 16
914 229 872 11
352 346 638 45
105 812 121 23
4 455 699 46
943 120 947 31
399 637 58 96
924 686 404 20
540 981 85 62
579 191 868 58
564 301 507 69
535 950 421 54
644 882 991 13
946 20 9 86
288 400 365 61
756 780 306 82
662 332 65 40
224 466 111 87
223 351 714 23
220 787 49 11
436 988 948 28
0 109 420 65
278 934 862 8
903 783 772 54
469 914 917 29
242 731 217 96
791 612 837 59
203 501 880 20
663 643 74 88
256 582 277 32
99 316 939 52
133 337 335 87
18 733 821 49
143 223 797 38
408 641 486 71
474 628 331 62
603 430 916 95
16 781 988 39
544 523 498 39
250 206 407 11
322 617 13 80
267 434 515 40
908 446 28 51
706 919 161 59
492 753 319 49
40 311 488 47
577 206 520 30
354 16 128 53
350 735 761 80
475 39 841 22
210 554 639 18
884 127 498 97
442 289 186 18
244 239 16 29
334 696 259 40
689 145 305 24
926 835 50 56
865 86 782 84
895 122 668 12
756 78 268 78
506 743 737 39
340 114 872 58
354 359 908 93
472 921 348 91
186 404 535 5
12 441 439 38
17 414 551 61
92 799 476 91
784 392 301 14
932 104 887 79
335 943 170 19
433 985 281 60
528 735 222 47
887 730 139 47
995 961 11 97
653 51 233 83
561 910 919 58
623 161 567 54
591 64 407 96
918 17 49 27
744 660 453 61
732 315 515 95
677 303 486 37
315 786 469 11
748 354 540 17
62 560 962 84
870 144 910 36
741 902 273 35
556 700 690 42
889 512 39 70
710 318 418 81
489 852 902 3
361 75 16 37
398 677 725 10
17 114 31 94
386 253 941 75
954 450 773 38
636 258 237 20
747 999 225 10
475 744 548 34
415 536 17 53
871 404 553 6
84 940 272 18
420 352 579 19
647 690 950 16
823 890 659 75
616 250 887 48
312 888 93 62
344 333 549 2
911 990 742 22
349 284 801 28
249 117 426 44
250 622 743 84
222 900 904 65
990 400 378 62
138 599 323 34
103 595 953 26
527 645 78 6
770 877 546 30
41 33 487 97
939 224 756 33
833 795 235 34
744 705 978 13
895 593 540 79
675 695 411 83
963 949 257 0
497 56 599 91
935 671 617 11
604 48 874 82
106 385 9 30
843 112 901 21
674 301 777 37
449 892 80 45
674 472 645 0
168 216 961 46
20 443 640 23
688 214 261 58
810 928 444 3
359 435 647 55
197 652 281 62
873 257 208 40
321 737 496 93
616 790 680 13
179 937 425 11
969 182 147 74
186 497 358 60
762 431 972 73
787 362 232 0
846 456 188 23
552 760 18 93
152 556 152 8
446 914 790 51
574 466 105 8
29 642 50 1
88 363 159 4
170 556 62 16
776 981 541 71
413 923 417 35
705 450 543 85
280 417 334 61
526 557 654 36
34 86 676 47
232 915 135 96
126 51 712 32
238 64 787 39
219 909 653 86
417 730 496 78
262 378 809 2
590 438 84 17
953 394 688 35
933 88 513 42
968 231 798 3
613 530 832 91
877 899 312 27
166 51 765 40
737 341 352 43
13 474 916 75
565 727 672 19
28 984 596 48
87 817 955 21
47 79 902 37
123 809 268 89
616 716 835 97
746 157 377 82
60 146 633 69
155 787 681 53
3 56 74 63
626 529 362 51
655 525 148 25
208 484 911 80
756 374 66 9
991 854 526 52
711 112 673 90
606 228 865 48
627 87 832 25
42 226 103 30
690 350 197 31
443 317 634 63
703 728 12 2
815 54 640 3
589 418 898 71
123 672 128 23
89 105 700 40
687 353 601 30
964 719 832 79
735 782 887 16
703 893 364 49
295 797 30 55
616 238 347 92
812 149 657 17
219 374 266 28
858 438 217 90
274 526 385 17
258 314 924 95
926 684 541 2
758 316 920 88
286 236 613 88
605 41 248 71
454 876 406 80
722 572 24 36
231 797 354 62
400 91 119 30
225 98 274 70
705 924 656 86
775 698 12 3
629 355 216 54
183 667 403 56
274 234 914 14
826 68 443 85
550 35 420 41
798 415 544 7
775 406 968 87
0 475 207 82
548 921 910 90
347 954 453 44
747 96 735 64
980 102 552 35
367 703 729 59
131 392 236 39
81 390 611 72
998 968 527 64
818 407 778 47
197 434 611 98
228 525 882 8
606 836 465 73
296 111 127 44
802 498 56 51
585 166 454 79
390 786 379 55
735 10 851 79
654 25 440 18
208 599 463 31
918 554 417 69
85 335 321 85
77 514 942 73
586 66 816 24
939 351 902 52
917 830 798 15
158 61 69 61
129 783 180 50
2 298 153 95
588 649 361 7
199 177 213 70
356 926 174 53
44 882 887 70
747 667 73 47
80 652 883 59
770 568 487 29
93 152 761 22
897 781 719 30
582 542 751 35
999 788 828 93
419 539 489 41
442 645 922 99
522 586 412 78
553 423 500 40
244 659 875 0
14 118 657 16
954 551 135 36
938 80 519 87
41 653 992 91
490 80 247 12
251 25 940 38
118 915 167 45
687 101 686 35
760 794 245 7
251 766 545 9
409 614 199 95
825 665 471 82
811 298 440 92
420 587 930 56
822 900 7 16
261 244 511 99
606 257 512 13
730 824 712 73
939 123 478 72
840 870 5 87
242 5 926 55
551 61 188 62
946 286 865 16
618 614 237 96
452 388 83 48
553 980 55 88
118 130 907 56
304 567 18 90
272 983 577 18
35 214 436 75
603 120 585 65
85 518 877 24
86 382 439 41
68 358 579 89
75 665 930 65
405 196 932 61
408 411 154 61
787 461 279 70
74 791 707 54
282 706 73 89
365 243 974 40
443 174 726 0
219 875 785 89
373 360 108 23
721 551 946 77
617 988 523 50
218 597 289 4
839 215 75 20
882 573 825 70
417 11 628 32
292 137 882 76
8 553 443 30
899 651 838 16
637 985 29 16
834 841 791 29
466 736 99 64
941 339 516 27
117 186 117 28
114 189 451 73
153 656 610 98
832 385 612 40
803 132 203 30
329 748 849 68
644 523 522 7
540 117 186 55
70 253 174 14
221 93 398 36
209 395 86 84
541 709 675 3
616 378 579 42
60 173 116 4
374 117 951 13
865 575 37 27
66 920 861 70
62 104 764 27
503 157 134 24
109 789 744 20
567 821 914 77
475 302 508 79
26 332 312 33
213 768 48 90
959 138 43 4
166 123 181 39
290 172 349 2
103 561 71 89
426 144 144 74
607 394 831 88
772 358 793 31
748 544 67 56
962 289 484 44
412 207 724 66
419 305 78 73
529 294 91 25
78 676 477 32
35 168 385 7
980 203 38 91
215 8 301 66
411 124 387 98
595 319 99 0
759 234 548 37
108 402 392 82
654 215 86 2
742 931 853 40
715 84 353 5
591 248 120 31
351 684 7 77
999 400 86 21
921 817 406 91
60 135 709 14
73 84 782 44
572 778 684 7
375 610 628 46
916 2 98 30
643 109 886 45
113 68 456 32
222 459 283 36
709 316 147 97
683 751 33 43
790 243 954 75
964 274 798 59
205 932 575 0
584 191 913 8
150 959 665 5
465 116 787 9
106 530 521 74
990 51 250 24
509 720 198 44
426 865 652 5
954 545 95 40
789 454 172 93
450 21 704 24
21 22 420 75
646 545 691 48
459 698 490 70
67 534 180 66
515 939 169 79
770 789 2 92
646 273 520 12
255 588 62 19
233 641 852 34
485 449 51 14
875 914 697 23
455 91 754 52
759 249 88 70
762 352 647 14
691 755 479 52
245 611 506 42
763 232 745 61
179 269 3 35
693 635 368 14
109 413 330 33
515 32 74 69
269 362 391 40
652 410 141 26
14 110 909 62
598 5 856 81
762 23 940 99
421 200 795 37
234 605 731 95
460 384 59 20
853 466 624 59
135 33 776 97
42 869 467 30
271 881 187 77
241 827 912 34
798 269 405 80
581 928 817 75
796 435 240 73
916 43 600 82
888 848 242 18
478 970 392 72
517 728 197 82
112 167 73 28
74 656 903 66
666 229 43 73
339 444 357 44
764 335 893 83
945 220 644 87
302 501 371 57
55 885 571 95
952 369 640 87
736 346 838 14
146 176 430 46
21 806 911 85
314 270 468 60
687 296 18 93
945 419 276 14
928 379 370 41
612 537 902 26
376 531 202 66
830 663 302 6
633 943 133 21
753 309 380 9
431 613 622 90
13 541 950 14
45 846 201 30
459 289 388 57
217 707 129 24
403 468 976 21
466 219 937 84
925 5 304 26
103 554 515 3
227 197 376 76
421 895 391 2
930 342 377 93
865 202 20 61
835 486 705 59
664 310 480 81
443 267 908 78
219 17 5 11
293 883 238 39
713 325 410 31
810 829 125 72
940 979 355 57
212 990 630 28
478 239 437 92
155 652 84 2
827 289 708 20
411 454 610 73
470 945 79 76
654 89 678 25
940 643 353 29
142 218 712 77
581 363 663 46
183 166 214 59
250 672 643 39
889 981 24 46
899 785 776 33
552 787 86 60
243 551 363 76
116 299 523 69
198 785 254 42
775 551 529 54
197 689 381 75
587 650 268 46
566 20 436 96
377 731 103 54
269 627 802 41
991 24 301 89
441 965 189 29
385 375 10 63
491 693 832 85
402 804 325 76
32 531 815 71
546 726 809 70
922 686 370 39
214 322 551 31
37 154 133 5
959 604 373 31
581 158 90 14
470 722 707 80
357 812 643 34
307 773 80 17
261 123 643 38
389 177 717 18
390 924 51 5
470 74 69 11
94 332 649 26
892 274 172 28
144 204 871 7
47 813 305 3
876 818 481 72
296 108 736 84
342 320 289 59
316 32 558 13
795 698 433 46
220 209 779 98
608 850 415 44
857 807 872 94
881 774 608 22
613 660 834 16
850 628 159 13
148 716 907 59
616 475 86 62
303 259 923 2
435 527 830 3
426 589 189 95
69 269 771 24
818 479 341 0
199 184 158 11
289 62 842 95
946 699 853 28
279 243 831 22
966 5 921 93
861 721 188 81
401 344 86 27
988 148 799 99
816 582 972 13
654 410 556 27
106 856 655 2
895 542 682 97
642 628 415 34
106 131 211 86
501 554 828 55
975 772 921 61
576 554 247 84
190 883 24 18
210 132 493 14
61 387 11 90
403 44 304 35
311 310 444 55
598 702 758 35
540 845 19 6
831 953 167 90
383 532 753 22
974 640 109 17
322 610 454 17
720 208 500 89
459 803 29 12
541 425 973 16
76 593 498 5
573 291 639 38
29 484 898 5
662 691 119 52
682 516 960 30
2 508 478 21
886 354 752 7
833 464 732 33
673 923 302 68
621 548 500 60
234 152 158 5
710 66 871 60
422 570 666 3
808 632 869 87
564 670 333 17
255 551 263 62
978 632 523 1
535 937 43 71
171 236 620 98
10 263 140 47
849 552 942 97
120 691 750 16
914 35 42 79
370 687 890 13
973 324 990 11
374 780 68 2
279 259 168 26
897 949 642 32
675 106 336 31
235 956 691 32
802 586 1 51
358 346 139 47
170 716 953 21
577 323 624 9
808 139 82 40
722 74 342 74
757 176 59 40
679 61 286 78
858 319 6 61
206 970 455 12
921 64 461 25
112 731 484 38
186 952 217 79
419 538 483 22
136 319 779 65
198 961 66 50
892 768 876 71
524 636 42 93
463 482 838 91
676 952 724 27
657 607 769 13
402 189 605 51
248 540 252 68
166 140 421 68
952 718 631 98
609 567 110 60
404 183 980 60
314 350 741 74
418 4 661 7
841 654 694 22
392 235 978 7
28 195 254 99
618 763 990 11
788 401 270 54
971 914 136 75
615 68 686 99
42 32 3 16
514 977 485 74
114 448 742 64
434 302 870 69
75 867 809 19
720 415 303 48
471 239 287 99
335 594 60 28
763 725 464 63
969 188 542 51
32 703 272 99
717 246 890 68
102 969 872 71
956 343 269 70
169 7 258 38
767 395 649 24
58 567 493 70
33 929 996 16
901 58 960 58
781 895 7 7
882 445 878 16
854 821 825 53
596 621 626 43
969 346 957 16
942 418 647 80
935 434 426 41
623 162 111 30
41 525 158 69
404 628 154 40
933 926 147 42
899 636 200 77
396 974 840 41
900 158 578 51
466 479 929 56
735 885 462 15
342 334 731 40
278 315 565 36
568 326 933 88
696 975 898 11
751 395 828 61
129 451 903 29
336 79 649 3
561 457 471 96